ROUTE_PAYMENT_MES_AV=6.513266999999995
ROUTE_PAYMENT_MES_AV_SUCC=5.7938862923993995
ROUTE_PAYMENT_HOPS_AV=2.432527
ROUTE_PAYMENT_HOPS_AV_SUCC=2.378650519066321
ROUTE_PAYMENT_SUCCESS_DIRECT=0.983593
ROUTE_PAYMENT_SUCCESS=0.983593
