ROUTE_PAYMENT_SUCCESS=33899.0
ROUTE_PAYMENT_TTC=0.43898595828785514
ROUTE_PAYMENT_VOLUME=449730.276722395
