ROUTE_PAYMENT_SUCCESS=34043.0
ROUTE_PAYMENT_TTC=0.44082207796022677
ROUTE_PAYMENT_VOLUME=477934.22051161854
