ROUTE_PAYMENT_SUCCESS=42463.0
ROUTE_PAYMENT_TTC=0.4453333961331041
ROUTE_PAYMENT_VOLUME=4302276.520620186
