ROUTE_PAYMENT_SUCCESS=34618.0
ROUTE_PAYMENT_TTC=0.43840712923912417
ROUTE_PAYMENT_VOLUME=506106.2327984253
