ROUTE_PAYMENT_SUCCESS=41501.0
ROUTE_PAYMENT_TTC=0.41076757186573815
ROUTE_PAYMENT_VOLUME=3108999.706650443
