ROUTE_PAYMENT_MES_AV=2.472875
ROUTE_PAYMENT_MES_AV_SUCC=2.4542921817865238
ROUTE_PAYMENT_HOPS_AV=1.827357
ROUTE_PAYMENT_HOPS_AV_SUCC=1.8244789759046998
ROUTE_PAYMENT_SUCCESS_DIRECT=0.999282
ROUTE_PAYMENT_SUCCESS=0.999282
