ROUTE_PAYMENT_SUCCESS=37070.0
ROUTE_PAYMENT_TTC=0.38772840571891015
ROUTE_PAYMENT_VOLUME=864578.4015106695
