ROUTE_PAYMENT_SUCCESS=39917.0
ROUTE_PAYMENT_TTC=0.14246090638074002
ROUTE_PAYMENT_VOLUME=1711299.9657735962
