ROUTE_PAYMENT_SUCCESS=1654.0
ROUTE_PAYMENT_TTC=0.3115779927448609
ROUTE_PAYMENT_VOLUME=32189.258649031755
