ROUTE_PAYMENT_SUCCESS=1825.0
ROUTE_PAYMENT_TTC=0.2756449315068493
ROUTE_PAYMENT_VOLUME=32775.0806239137
