ROUTE_PAYMENT_SUCCESS=37486.0
ROUTE_PAYMENT_TTC=0.31202686336232194
ROUTE_PAYMENT_VOLUME=818420.9042181433
