ROUTE_PAYMENT_SUCCESS=42724.0
ROUTE_PAYMENT_TTC=0.31848853103641983
ROUTE_PAYMENT_VOLUME=4365966.38978922
