ROUTE_PAYMENT_SUCCESS=38798.0
ROUTE_PAYMENT_TTC=0.4400971441826898
ROUTE_PAYMENT_VOLUME=1557338.5218625262
