ROUTE_PAYMENT_SUCCESS=38210.0
ROUTE_PAYMENT_TTC=0.3387737503271395
ROUTE_PAYMENT_VOLUME=1126005.2232459302
