ROUTE_PAYMENT_SUCCESS=37885.0
ROUTE_PAYMENT_TTC=0.33938828032202717
ROUTE_PAYMENT_VOLUME=989540.0532724519
