ROUTE_PAYMENT_SUCCESS=34060.9	34110.0	33822.0	34377.0	38247.89	35996.250000000495	40499.529999999504	33939.68403808739	34182.11596191261
ROUTE_PAYMENT_TTC=0.4391424110175892	0.43898592870544095	0.437915942286086	0.44089835825271184	9.10712707872051E-7	5.542222604060804E-7	1.445448379071007E-6	0.43855092188509726	0.4397339001500812
ROUTE_PAYMENT_VOLUME=465390.1473678386	470823.90276617074	437342.66090072703	482959.86180198926	2.412048812026659E8	3.473854601432742E8	1.7041782857559368E8	455764.07510741916	475016.219628258
