ROUTE_PAYMENT_SUCCESS=282.0	282.0	282.0	282.0	0.0	0.0	0.0	282.0	282.0
ROUTE_PAYMENT_TTC=0.45333687943262413	0.45333687943262413	0.45333687943262413	0.45333687943262413	0.0	0.0	0.0	0.45333687943262413	0.45333687943262413
ROUTE_PAYMENT_VOLUME=40.7451568514089	40.7451568514089	40.7451568514089	40.7451568514089	0.0	0.0	0.0	40.7451568514089	40.7451568514089
