ROUTE_PAYMENT_SUCCESS=559.0	559.0	559.0	559.0	0.0	0.0	0.0	559.0	559.0
ROUTE_PAYMENT_TTC=0.42642218246869407	0.42642218246869407	0.42642218246869407	0.42642218246869407	0.0	0.0	0.0	0.42642218246869407	0.42642218246869407
ROUTE_PAYMENT_VOLUME=2333.664903467321	2333.664903467321	2333.664903467321	2333.664903467321	0.0	0.0	0.0	2333.664903467321	2333.664903467321
