ROUTE_PAYMENT_SUCCESS=36037.0
ROUTE_PAYMENT_TTC=0.4077351055859256
ROUTE_PAYMENT_VOLUME=696662.0841227565
