ROUTE_PAYMENT_SUCCESS=39646.0
ROUTE_PAYMENT_TTC=0.40925200524643096
ROUTE_PAYMENT_VOLUME=1986657.0804412686
