ROUTE_PAYMENT_SUCCESS=2460.0
ROUTE_PAYMENT_TTC=0.37428292682926834
ROUTE_PAYMENT_VOLUME=27699.512407167676
