ROUTE_PAYMENT_SUCCESS=36073.0
ROUTE_PAYMENT_TTC=0.40710886258420426
ROUTE_PAYMENT_VOLUME=746309.1018215648
