ROUTE_PAYMENT_SUCCESS=36023.0
ROUTE_PAYMENT_TTC=0.40759511978458207
ROUTE_PAYMENT_VOLUME=713420.9674318144
