ROUTE_PAYMENT_SUCCESS=40590.0
ROUTE_PAYMENT_TTC=0.44188718896279877
ROUTE_PAYMENT_VOLUME=2579465.6084513073
