ROUTE_PAYMENT_SUCCESS=37039.0
ROUTE_PAYMENT_TTC=0.441493776829828
ROUTE_PAYMENT_VOLUME=985517.5520536856
