ROUTE_PAYMENT_SUCCESS=33948.0
ROUTE_PAYMENT_TTC=0.4391760044774361
ROUTE_PAYMENT_VOLUME=447360.30913588096
