ROUTE_PAYMENT_SUCCESS=33604.0
ROUTE_PAYMENT_TTC=0.4387163730508273
ROUTE_PAYMENT_VOLUME=441085.78091769724
