ROUTE_PAYMENT_SUCCESS=37801.0
ROUTE_PAYMENT_TTC=0.3394514695378429
ROUTE_PAYMENT_VOLUME=1039686.1232936442
