ROUTE_PAYMENT_SUCCESS=37800.0
ROUTE_PAYMENT_TTC=0.3115757142857143
ROUTE_PAYMENT_VOLUME=943500.1265047223
