ROUTE_PAYMENT_SUCCESS=37315.0
ROUTE_PAYMENT_TTC=0.31153876457188795
ROUTE_PAYMENT_VOLUME=818488.0834323321
