ROUTE_PAYMENT_SUCCESS=43044.0
ROUTE_PAYMENT_TTC=0.41325871201561193
ROUTE_PAYMENT_VOLUME=4616311.452535721
