ROUTE_PAYMENT_SUCCESS=39016.0
ROUTE_PAYMENT_TTC=0.4404099087553824
ROUTE_PAYMENT_VOLUME=1610806.699989661
