ROUTE_PAYMENT_SUCCESS=36280.0
ROUTE_PAYMENT_TTC=0.4067999173098125
ROUTE_PAYMENT_VOLUME=751255.5924644549
