ROUTE_PAYMENT_SUCCESS=39.0
ROUTE_PAYMENT_TTC=0.34410256410256407
ROUTE_PAYMENT_VOLUME=4548.379566050699
