ROUTE_PAYMENT_SUCCESS=43.0
ROUTE_PAYMENT_TTC=0.3463488372093023
ROUTE_PAYMENT_VOLUME=9382.1426695047
