ROUTE_PAYMENT_SUCCESS=308.0
ROUTE_PAYMENT_TTC=0.45792857142857146
ROUTE_PAYMENT_VOLUME=76.2228216317266
