ROUTE_PAYMENT_SUCCESS=35394.0
ROUTE_PAYMENT_TTC=0.3416542351811041
ROUTE_PAYMENT_VOLUME=515089.3573049096
