ROUTE_PAYMENT_SUCCESS=33910.0
ROUTE_PAYMENT_TTC=0.4385818047773518
ROUTE_PAYMENT_VOLUME=444873.00587036624
