ROUTE_PAYMENT_SUCCESS=34229.0
ROUTE_PAYMENT_TTC=0.4387566683221829
ROUTE_PAYMENT_VOLUME=496506.55955484824
