ROUTE_PAYMENT_SUCCESS=610.0
ROUTE_PAYMENT_TTC=0.42701639344262293
ROUTE_PAYMENT_VOLUME=3063.1677215455416
