ROUTE_PAYMENT_SUCCESS=37776.5	37816.0	37525.0	38007.0	26429.05	35234.25	20558.916666666668	37675.73798410115	37877.26201589885
ROUTE_PAYMENT_TTC=0.40823787992615135	0.4079117748116823	0.4074392085668429	0.4094860272807041	4.614344902766907E-7	2.6113003645855154E-7	7.618911710038994E-7	0.4078168518109563	0.4086589080413464
ROUTE_PAYMENT_VOLUME=1119552.6001623634	1127690.4012326526	1014235.1394522791	1181886.2862713602	2.284871956970186E9	2.709487179908923E9	1.8602567340314488E9	1089925.6460328943	1149179.5542918325
