ROUTE_PAYMENT_SUCCESS=34132.0
ROUTE_PAYMENT_TTC=0.4390663893120825
ROUTE_PAYMENT_VOLUME=451606.3639417085
