ROUTE_PAYMENT_SUCCESS=37767.0
ROUTE_PAYMENT_TTC=0.34033113564752293
ROUTE_PAYMENT_VOLUME=980109.2970134463
