ROUTE_PAYMENT_SUCCESS=37976.0
ROUTE_PAYMENT_TTC=0.4077136875921635
ROUTE_PAYMENT_VOLUME=1171583.3051463133
