ROUTE_PAYMENT_SUCCESS=42301.0
ROUTE_PAYMENT_TTC=0.44456610954823766
ROUTE_PAYMENT_VOLUME=3848425.5807733564
