ROUTE_PAYMENT_SUCCESS=42789.0
ROUTE_PAYMENT_TTC=0.4436302320689897
ROUTE_PAYMENT_VOLUME=4467515.487705319
