ROUTE_PAYMENT_SUCCESS=35872.0
ROUTE_PAYMENT_TTC=0.4081839317573595
ROUTE_PAYMENT_VOLUME=729175.6081605699
