ROUTE_PAYMENT_SUCCESS=42262.0
ROUTE_PAYMENT_TTC=0.4465833136150679
ROUTE_PAYMENT_VOLUME=4021780.355630325
