ROUTE_PAYMENT_SUCCESS=34066.0
ROUTE_PAYMENT_TTC=0.4379764868197029
ROUTE_PAYMENT_VOLUME=469507.47969307494
