ROUTE_PAYMENT_SUCCESS=2202.0
ROUTE_PAYMENT_TTC=0.3545544959128065
ROUTE_PAYMENT_VOLUME=21381.408302587024
