ROUTE_PAYMENT_SUCCESS=37163.0
ROUTE_PAYMENT_TTC=0.3880965207329871
ROUTE_PAYMENT_VOLUME=902364.4756121808
