ROUTE_PAYMENT_SUCCESS=41284.0
ROUTE_PAYMENT_TTC=0.3906424280592966
ROUTE_PAYMENT_VOLUME=3027393.71521828
