ROUTE_PAYMENT_MES_AV=2.7049910000000015
ROUTE_PAYMENT_MES_AV_SUCC=2.593886992323671
ROUTE_PAYMENT_HOPS_AV=1.902828
ROUTE_PAYMENT_HOPS_AV_SUCC=1.8809592756735196
ROUTE_PAYMENT_SUCCESS_DIRECT=0.998003
ROUTE_PAYMENT_SUCCESS=0.998003
