ROUTE_PAYMENT_SUCCESS=43854.0
ROUTE_PAYMENT_TTC=0.4468344050713732
ROUTE_PAYMENT_VOLUME=5674769.884656937
