ROUTE_PAYMENT_SUCCESS=34066.0
ROUTE_PAYMENT_TTC=0.4388642341337404
ROUTE_PAYMENT_VOLUME=446095.15447925724
