ROUTE_PAYMENT_SUCCESS=35203.0	35203.0	35203.0	35203.0	0.0	0.0	0.0	35203.0	35203.0
ROUTE_PAYMENT_TTC=0.3414874584552453	0.3414874584552453	0.3414874584552453	0.3414874584552453	0.0	0.0	0.0	0.3414874584552453	0.3414874584552453
ROUTE_PAYMENT_VOLUME=507275.3564193334	507275.3564193334	507275.3564193334	507275.3564193334	0.0	0.0	0.0	507275.3564193334	507275.3564193334
