ROUTE_PAYMENT_SUCCESS=296.0	296.0	296.0	296.0	0.0	0.0	0.0	296.0	296.0
ROUTE_PAYMENT_TTC=0.4553614864864865	0.4553614864864865	0.4553614864864865	0.4553614864864865	0.0	0.0	0.0	0.4553614864864865	0.4553614864864865
ROUTE_PAYMENT_VOLUME=325.3279513019633	325.3279513019633	325.3279513019633	325.3279513019633	0.0	0.0	0.0	325.3279513019633	325.3279513019633
