ROUTE_PAYMENT_SUCCESS=34001.8	34066.0	33604.0	34241.0	31001.96	49345.39000000107	18773.00666666596	33892.66836868442	34110.93163131559
ROUTE_PAYMENT_TTC=0.43914325294087336	0.4389108800702885	0.4379764868197029	0.44082207796022677	8.561388477195557E-7	4.4425935885910236E-7	1.8171909883939468E-6	0.43856975987226665	0.4397167460094801
ROUTE_PAYMENT_VOLUME=463249.15652255464	470085.90267887304	430066.48538310913	483404.2619868392	2.5849333237338313E8	5.75953167077061E8	1.2243911750037834E8	453284.0775682985	473214.2354768108
