ROUTE_PAYMENT_SUCCESS=36226.0
ROUTE_PAYMENT_TTC=0.4074262684259924
ROUTE_PAYMENT_VOLUME=732669.5789713438
