ROUTE_PAYMENT_SUCCESS=37293.0
ROUTE_PAYMENT_TTC=0.4388370471670287
ROUTE_PAYMENT_VOLUME=1044864.1732933988
