ROUTE_PAYMENT_MES_AV=6.917028999999992
ROUTE_PAYMENT_MES_AV_SUCC=6.285322817466943
ROUTE_PAYMENT_HOPS_AV=2.468270999999999
ROUTE_PAYMENT_HOPS_AV_SUCC=2.4251457922873527
ROUTE_PAYMENT_SUCCESS_DIRECT=0.988221
ROUTE_PAYMENT_SUCCESS=0.988221
