ROUTE_PAYMENT_SUCCESS=41230.0
ROUTE_PAYMENT_TTC=0.41274610720349264
ROUTE_PAYMENT_VOLUME=3046575.0318671423
