ROUTE_PAYMENT_SUCCESS=2199.0	2199.0	2199.0	2199.0	0.0	0.0	0.0	2199.0	2199.0
ROUTE_PAYMENT_TTC=0.35466120964074577	0.35466120964074577	0.35466120964074577	0.35466120964074577	0.0	0.0	0.0	0.35466120964074577	0.35466120964074577
ROUTE_PAYMENT_VOLUME=31989.09536144218	31989.09536144218	31989.09536144218	31989.09536144218	0.0	0.0	0.0	31989.09536144218	31989.09536144218
