ROUTE_PAYMENT_SUCCESS=37113.8	37113.0	36877.0	37450.0	25650.36	18776.206666667258	35961.58999999911	37014.533478465295	37213.06652153471
ROUTE_PAYMENT_TTC=0.38841124057577786	0.3882509093848517	0.3875237116154873	0.3899080727824932	6.065284680809296E-7	2.8206233160748717E-7	1.3636161198522954E-6	0.38792853572154706	0.38889394543000866
ROUTE_PAYMENT_VOLUME=888225.594559408	875111.3754516401	849603.5363635966	965568.1371741475	1.1769450260245252E9	6.890966410609959E8	1.9087176034698195E9	866962.1235069768	909489.0656118393
