ROUTE_PAYMENT_SUCCESS=41782.0
ROUTE_PAYMENT_TTC=0.4100264467952707
ROUTE_PAYMENT_VOLUME=3434455.753727004
