ROUTE_PAYMENT_SUCCESS=41294.0
ROUTE_PAYMENT_TTC=0.41125441952826075
ROUTE_PAYMENT_VOLUME=2908586.4937757305
