ROUTE_PAYMENT_SUCCESS=37039.0
ROUTE_PAYMENT_TTC=0.4395417262885067
ROUTE_PAYMENT_VOLUME=1033825.5317396168
