ROUTE_PAYMENT_SUCCESS=37079.0
ROUTE_PAYMENT_TTC=0.4397653388710591
ROUTE_PAYMENT_VOLUME=1025213.0545088595
