ROUTE_PAYMENT_SUCCESS=36951.0
ROUTE_PAYMENT_TTC=0.3878034965224216
ROUTE_PAYMENT_VOLUME=875111.3754516401
