ROUTE_PAYMENT_SUCCESS=37042.0
ROUTE_PAYMENT_TTC=0.38827603801090654
ROUTE_PAYMENT_VOLUME=900249.9149291795
