ROUTE_PAYMENT_SUCCESS=37378.0
ROUTE_PAYMENT_TTC=0.31233241478944834
ROUTE_PAYMENT_VOLUME=857210.8138369638
