ROUTE_PAYMENT_MES_AV=7.142230000000003
ROUTE_PAYMENT_MES_AV_SUCC=6.438525564563212
ROUTE_PAYMENT_HOPS_AV=2.475602999999999
ROUTE_PAYMENT_HOPS_AV_SUCC=2.427459407397066
ROUTE_PAYMENT_SUCCESS_DIRECT=0.988419
ROUTE_PAYMENT_SUCCESS=0.988419
