ROUTE_PAYMENT_SUCCESS=37609.0
ROUTE_PAYMENT_TTC=0.4094860272807041
ROUTE_PAYMENT_VOLUME=1091501.4102229243
