ROUTE_PAYMENT_SUCCESS=36524.0
ROUTE_PAYMENT_TTC=0.40697007447158035
ROUTE_PAYMENT_VOLUME=802964.0756177884
