ROUTE_PAYMENT_SUCCESS=1805.0
ROUTE_PAYMENT_TTC=0.332803324099723
ROUTE_PAYMENT_VOLUME=24337.311766097682
