ROUTE_PAYMENT_SUCCESS=2007.0
ROUTE_PAYMENT_TTC=0.30566616841056304
ROUTE_PAYMENT_VOLUME=27843.078885399118
