ROUTE_PAYMENT_SUCCESS=37895.0
ROUTE_PAYMENT_TTC=0.3393993666710648
ROUTE_PAYMENT_VOLUME=997665.9788581867
