ROUTE_PAYMENT_SUCCESS=42676.0
ROUTE_PAYMENT_TTC=0.34427849376698844
ROUTE_PAYMENT_VOLUME=4295783.965977265
