ROUTE_PAYMENT_MES_AV=2.517325000000001
ROUTE_PAYMENT_MES_AV_SUCC=2.462230131222456
ROUTE_PAYMENT_HOPS_AV=1.841883
ROUTE_PAYMENT_HOPS_AV_SUCC=1.8309451199678126
ROUTE_PAYMENT_SUCCESS_DIRECT=0.999143
ROUTE_PAYMENT_SUCCESS=0.999143
