ROUTE_PAYMENT_MES_AV=7.373516000000004
ROUTE_PAYMENT_MES_AV_SUCC=6.6424593136464045
ROUTE_PAYMENT_HOPS_AV=2.502116
ROUTE_PAYMENT_HOPS_AV_SUCC=2.4536527157551236
ROUTE_PAYMENT_SUCCESS_DIRECT=0.985527
ROUTE_PAYMENT_SUCCESS=0.985527
