ROUTE_PAYMENT_SUCCESS=43698.8	43727.0	43414.0	43880.0	19397.760000000002	22190.920000000675	16604.59999999932	43612.4759391502	43785.124060849805
ROUTE_PAYMENT_TTC=0.4478067057077788	0.44757400283921783	0.4468344050713732	0.44952328327410296	7.626584287711329E-7	3.629068348485372E-7	1.6954121479238563E-6	0.44726542679446635	0.44834798462109127
ROUTE_PAYMENT_VOLUME=5560211.946871519	5638266.040563929	5251743.380769782	5850031.499571932	3.59455951443364E10	5.424492968312481E10	2.374603878514412E10	5442700.84173397	5677723.052009068
