ROUTE_PAYMENT_SUCCESS=41063.0	41063.0	41063.0	41063.0	0.0	0.0	0.0	41063.0	41063.0
ROUTE_PAYMENT_TTC=0.43528368604339673	0.43528368604339673	0.43528368604339673	0.43528368604339673	0.0	0.0	0.0	0.43528368604339673	0.43528368604339673
ROUTE_PAYMENT_VOLUME=2441521.845447685	2441521.845447685	2441521.845447685	2441521.845447685	0.0	0.0	0.0	2441521.845447685	2441521.845447685
