ROUTE_PAYMENT_SUCCESS=2614.0	2614.0	2614.0	2614.0	0.0	0.0	0.0	2614.0	2614.0
ROUTE_PAYMENT_TTC=0.5002601377199694	0.5002601377199694	0.5002601377199694	0.5002601377199694	0.0	0.0	0.0	0.5002601377199694	0.5002601377199694
ROUTE_PAYMENT_VOLUME=60287.6017623903	60287.6017623903	60287.6017623903	60287.6017623903	0.0	0.0	0.0	60287.6017623903	60287.6017623903
