ROUTE_PAYMENT_SUCCESS=34059.0
ROUTE_PAYMENT_TTC=0.4388507883378842
ROUTE_PAYMENT_VOLUME=459289.1571635836
