ROUTE_PAYMENT_SUCCESS=34110.0
ROUTE_PAYMENT_TTC=0.44089835825271184
ROUTE_PAYMENT_VOLUME=482913.91206220206
