ROUTE_PAYMENT_SUCCESS=37912.0
ROUTE_PAYMENT_TTC=0.40821771470774426
ROUTE_PAYMENT_VOLUME=1170745.6135337444
