ROUTE_PAYMENT_SUCCESS=37560.0
ROUTE_PAYMENT_TTC=0.4078387113951012
ROUTE_PAYMENT_VOLUME=1082468.1582348673
