ROUTE_PAYMENT_SUCCESS=39155.0
ROUTE_PAYMENT_TTC=0.43978955433533395
ROUTE_PAYMENT_VOLUME=1700732.6842604578
