ROUTE_PAYMENT_SUCCESS=43414.0
ROUTE_PAYMENT_TTC=0.44691730778090016
ROUTE_PAYMENT_VOLUME=5258302.277667771
