ROUTE_PAYMENT_SUCCESS=34164.0
ROUTE_PAYMENT_TTC=0.4388874253600281
ROUTE_PAYMENT_VOLUME=462222.18519212585
