ROUTE_PAYMENT_SUCCESS=34134.0
ROUTE_PAYMENT_TTC=0.44056512568113904
ROUTE_PAYMENT_VOLUME=481896.212286779
