ROUTE_PAYMENT_MES_AV=2.382002000000001
ROUTE_PAYMENT_MES_AV_SUCC=2.335562274741299
ROUTE_PAYMENT_HOPS_AV=1.8106849999999999
ROUTE_PAYMENT_HOPS_AV_SUCC=1.800668382160862
ROUTE_PAYMENT_SUCCESS_DIRECT=0.999129
ROUTE_PAYMENT_SUCCESS=0.999129
