ROUTE_PAYMENT_SUCCESS=38979.2	38992.0	38736.0	39297.0	28241.960000000003	32071.73999999899	25688.773333334004	38875.039396345834	39083.36060365416
ROUTE_PAYMENT_TTC=0.4408247627852916	0.4407741695523919	0.43978955433533395	0.44235393502543263	7.100352505139612E-7	3.6376375659443855E-7	1.5180020696595144E-6	0.4403024916470526	0.4413470339235306
ROUTE_PAYMENT_VOLUME=1658350.3753118308	1683752.540476904	1548460.447092021	1781579.3272442566	4.871083560451704E9	6.437245139692551E9	3.826975840957806E9	1615092.1337781863	1701608.6168454753
