ROUTE_PAYMENT_SUCCESS=1465.0	1465.0	1465.0	1465.0	0.0	0.0	0.0	1465.0	1465.0
ROUTE_PAYMENT_TTC=0.5047290102389078	0.5047290102389078	0.5047290102389078	0.5047290102389078	0.0	0.0	0.0	0.5047290102389078	0.5047290102389078
ROUTE_PAYMENT_VOLUME=20794.76490446282	20794.76490446282	20794.76490446282	20794.76490446282	0.0	0.0	0.0	20794.76490446282	20794.76490446282
