ROUTE_PAYMENT_SUCCESS=43031.0
ROUTE_PAYMENT_TTC=0.413114219980944
ROUTE_PAYMENT_VOLUME=4581849.956462579
