ROUTE_PAYMENT_MES_AV=5.755465999999997
ROUTE_PAYMENT_MES_AV_SUCC=5.16280900772879
ROUTE_PAYMENT_HOPS_AV=2.3321840000000003
ROUTE_PAYMENT_HOPS_AV_SUCC=2.280421702881596
ROUTE_PAYMENT_SUCCESS_DIRECT=0.989417
ROUTE_PAYMENT_SUCCESS=0.989417
