ROUTE_PAYMENT_MES_AV=2.7476660000000006
ROUTE_PAYMENT_MES_AV_SUCC=2.5761233250421247
ROUTE_PAYMENT_HOPS_AV=1.9041849999999998
ROUTE_PAYMENT_HOPS_AV_SUCC=1.8666462729679851
ROUTE_PAYMENT_SUCCESS_DIRECT=0.99704
ROUTE_PAYMENT_SUCCESS=0.99704
