ROUTE_PAYMENT_SUCCESS=33817.0
ROUTE_PAYMENT_TTC=0.43966762279326965
ROUTE_PAYMENT_VOLUME=474133.7951374296
