ROUTE_PAYMENT_SUCCESS=37525.0
ROUTE_PAYMENT_TTC=0.4077467821452365
ROUTE_PAYMENT_VOLUME=1014235.1394522791
