ROUTE_PAYMENT_SUCCESS=2335.0
ROUTE_PAYMENT_TTC=0.4757558886509636
ROUTE_PAYMENT_VOLUME=33582.83734185783
