ROUTE_PAYMENT_SUCCESS=36995.0
ROUTE_PAYMENT_TTC=0.4397647790241925
ROUTE_PAYMENT_VOLUME=962750.2922496528
