ROUTE_PAYMENT_SUCCESS=40589.0
ROUTE_PAYMENT_TTC=0.4412766020350341
ROUTE_PAYMENT_VOLUME=2586820.5918977945
