ROUTE_PAYMENT_SUCCESS=37961.0
ROUTE_PAYMENT_TTC=0.3112658781380891
ROUTE_PAYMENT_VOLUME=950636.8538065068
