ROUTE_PAYMENT_SUCCESS=37626.0
ROUTE_PAYMENT_TTC=0.3125297134959868
ROUTE_PAYMENT_VOLUME=854704.4957398511
