ROUTE_PAYMENT_SUCCESS=33946.0
ROUTE_PAYMENT_TTC=0.4406801979614682
ROUTE_PAYMENT_VOLUME=459474.9504834471
