ROUTE_PAYMENT_SUCCESS=41265.0
ROUTE_PAYMENT_TTC=0.41096941718163094
ROUTE_PAYMENT_VOLUME=3063095.282204812
