ROUTE_PAYMENT_SUCCESS=41780.0
ROUTE_PAYMENT_TTC=0.4110938008616563
ROUTE_PAYMENT_VOLUME=3439783.3790111355
