ROUTE_PAYMENT_SUCCESS=38148.0
ROUTE_PAYMENT_TTC=0.3386648054943903
ROUTE_PAYMENT_VOLUME=1054975.9104409642
