ROUTE_PAYMENT_SUCCESS=36201.0
ROUTE_PAYMENT_TTC=0.40767379354161487
ROUTE_PAYMENT_VOLUME=756780.8996948457
