ROUTE_PAYMENT_SUCCESS=39795.0
ROUTE_PAYMENT_TTC=0.40900773966578713
ROUTE_PAYMENT_VOLUME=2070759.098020564
