ROUTE_PAYMENT_SUCCESS=36152.0	36109.0	35967.0	36524.0	28629.8	16233.5	47224.25	36047.126628889884	36256.873371110116
ROUTE_PAYMENT_TTC=0.4077572164610791	0.40763248902024696	0.40697007447158035	0.40933605805321543	5.852957331470171E-7	2.834586643056343E-7	1.289582227110244E-6	0.4072830358954232	0.408231397026735
ROUTE_PAYMENT_VOLUME=741160.9487394765	738504.8158736143	690458.1976293974	802964.0756177884	1.065053429198643E9	8.194267723065132E8	1.4334934145368376E9	720933.4692780866	761388.4282008664
