ROUTE_PAYMENT_SUCCESS=2460.0	2460.0	2460.0	2460.0	0.0	0.0	0.0	2460.0	2460.0
ROUTE_PAYMENT_TTC=0.37428292682926834	0.37428292682926834	0.37428292682926834	0.37428292682926834	0.0	0.0	0.0	0.37428292682926834	0.37428292682926834
ROUTE_PAYMENT_VOLUME=27699.512407167676	27699.512407167676	27699.512407167676	27699.512407167676	0.0	0.0	0.0	27699.512407167676	27699.512407167676
