ROUTE_PAYMENT_SUCCESS=2642.0	2642.0	2642.0	2642.0	0.0	0.0	0.0	2642.0	2642.0
ROUTE_PAYMENT_TTC=0.36892884178652535	0.36892884178652535	0.36892884178652535	0.36892884178652535	0.0	0.0	0.0	0.36892884178652535	0.36892884178652535
ROUTE_PAYMENT_VOLUME=34516.32404788101	34516.32404788101	34516.32404788101	34516.32404788101	0.0	0.0	0.0	34516.32404788101	34516.32404788101
