ROUTE_PAYMENT_SUCCESS=37112.0
ROUTE_PAYMENT_TTC=0.38835896744988146
ROUTE_PAYMENT_VOLUME=870733.6800194503
