ROUTE_PAYMENT_SUCCESS=37381.0
ROUTE_PAYMENT_TTC=0.387837430780343
ROUTE_PAYMENT_VOLUME=987650.9256908608
