ROUTE_PAYMENT_SUCCESS=34311.0
ROUTE_PAYMENT_TTC=0.4381242458686718
ROUTE_PAYMENT_VOLUME=447378.3622638432
