ROUTE_PAYMENT_SUCCESS=37705.0
ROUTE_PAYMENT_TTC=0.3109703752817929
ROUTE_PAYMENT_VOLUME=862473.3874273652
