ROUTE_PAYMENT_MES_AV=5.711477000000015
ROUTE_PAYMENT_MES_AV_SUCC=5.1881662572857605
ROUTE_PAYMENT_HOPS_AV=2.3268099999999996
ROUTE_PAYMENT_HOPS_AV_SUCC=2.287424913057224
ROUTE_PAYMENT_SUCCESS_DIRECT=0.986856
ROUTE_PAYMENT_SUCCESS=0.986856
