ROUTE_PAYMENT_MES_AV=2.5298509999999985
ROUTE_PAYMENT_MES_AV_SUCC=2.501428387028345
ROUTE_PAYMENT_HOPS_AV=1.8570729999999998
ROUTE_PAYMENT_HOPS_AV_SUCC=1.8518970280544218
ROUTE_PAYMENT_SUCCESS_DIRECT=0.999379
ROUTE_PAYMENT_SUCCESS=0.999379
