ROUTE_PAYMENT_SUCCESS=39642.0
ROUTE_PAYMENT_TTC=0.4089442005953282
ROUTE_PAYMENT_VOLUME=2008947.206461964
