ROUTE_PAYMENT_SUCCESS=36012.0
ROUTE_PAYMENT_TTC=0.40889736754415196
ROUTE_PAYMENT_VOLUME=696225.4142863506
