ROUTE_PAYMENT_SUCCESS=36030.0
ROUTE_PAYMENT_TTC=0.40906414099361643
ROUTE_PAYMENT_VOLUME=743215.0108132045
