ROUTE_PAYMENT_SUCCESS=37765.0
ROUTE_PAYMENT_TTC=0.33892718125248245
ROUTE_PAYMENT_VOLUME=955106.5878848499
