ROUTE_PAYMENT_MES_AV=8.283776999999997
ROUTE_PAYMENT_MES_AV_SUCC=7.351168328241543
ROUTE_PAYMENT_HOPS_AV=2.6177889999999997
ROUTE_PAYMENT_HOPS_AV_SUCC=2.5622757179316733
ROUTE_PAYMENT_SUCCESS_DIRECT=0.982301
ROUTE_PAYMENT_SUCCESS=0.982301
