ROUTE_PAYMENT_SUCCESS=34070.0
ROUTE_PAYMENT_TTC=0.43890085118872907
ROUTE_PAYMENT_VOLUME=453106.75117873255
