ROUTE_PAYMENT_SUCCESS=34308.0
ROUTE_PAYMENT_TTC=0.4378131631106447
ROUTE_PAYMENT_VOLUME=485435.9113047125
