ROUTE_PAYMENT_SUCCESS=42909.0
ROUTE_PAYMENT_TTC=0.4136656179356312
ROUTE_PAYMENT_VOLUME=4598369.355311101
