ROUTE_PAYMENT_SUCCESS=43178.0
ROUTE_PAYMENT_TTC=0.41378766964657926
ROUTE_PAYMENT_VOLUME=4916109.612234695
