ROUTE_PAYMENT_SUCCESS=43558.0
ROUTE_PAYMENT_TTC=0.44763641581339825
ROUTE_PAYMENT_VOLUME=5251743.380769782
