ROUTE_PAYMENT_SUCCESS=44170.0
ROUTE_PAYMENT_TTC=0.44643948381254245
ROUTE_PAYMENT_VOLUME=6222909.075193669
