ROUTE_PAYMENT_SUCCESS=42.0
ROUTE_PAYMENT_TTC=0.3419761904761905
ROUTE_PAYMENT_VOLUME=8152.6516695047
