ROUTE_PAYMENT_SUCCESS=42142.0
ROUTE_PAYMENT_TTC=0.4438845095154477
ROUTE_PAYMENT_VOLUME=3790508.8148680306
