ROUTE_PAYMENT_SUCCESS=34241.0
ROUTE_PAYMENT_TTC=0.4380443912268917
ROUTE_PAYMENT_VOLUME=483404.2619868392
