ROUTE_PAYMENT_SUCCESS=43615.0
ROUTE_PAYMENT_TTC=0.44952328327410296
ROUTE_PAYMENT_VOLUME=5626769.10680583
