ROUTE_PAYMENT_SUCCESS=41346.0
ROUTE_PAYMENT_TTC=0.4118465147777294
ROUTE_PAYMENT_VOLUME=3223347.4508884745
