ROUTE_PAYMENT_SUCCESS=35967.0
ROUTE_PAYMENT_TTC=0.40933605805321543
ROUTE_PAYMENT_VOLUME=724505.8393728983
