ROUTE_PAYMENT_SUCCESS=36066.0
ROUTE_PAYMENT_TTC=0.40704009316253537
ROUTE_PAYMENT_VOLUME=757632.2392867518
