ROUTE_PAYMENT_SUCCESS=36043.0
ROUTE_PAYMENT_TTC=0.407665205449047
ROUTE_PAYMENT_VOLUME=711678.3135580021
