ROUTE_PAYMENT_SUCCESS=610.0	610.0	610.0	610.0	0.0	0.0	0.0	610.0	610.0
ROUTE_PAYMENT_TTC=0.42701639344262293	0.42701639344262293	0.42701639344262293	0.42701639344262293	0.0	0.0	0.0	0.42701639344262293	0.42701639344262293
ROUTE_PAYMENT_VOLUME=3063.1677215455416	3063.1677215455416	3063.1677215455416	3063.1677215455416	0.0	0.0	0.0	3063.1677215455416	3063.1677215455416
