ROUTE_PAYMENT_SUCCESS=34175.8	34134.0	33817.0	34618.0	51874.76	26083.86857142929	112053.50666666501	34034.632695706125	34316.96730429388
ROUTE_PAYMENT_TTC=0.4391070558315229	0.4388642341337404	0.43813868063797146	0.44064475340260506	7.050585036598873E-7	3.2083831593215847E-7	1.6015722750245878E-6	0.4385866182514367	0.43962749341160906
ROUTE_PAYMENT_VOLUME=478043.09873774956	481896.212286779	446095.15447925724	523171.1530866615	5.897566323124199E8	5.356388409894885E8	6.438744236353512E8	462991.1584020606	493095.0390734385
