ROUTE_PAYMENT_SUCCESS=35394.0	35394.0	35394.0	35394.0	0.0	0.0	0.0	35394.0	35394.0
ROUTE_PAYMENT_TTC=0.3416542351811041	0.3416542351811041	0.3416542351811041	0.3416542351811041	0.0	0.0	0.0	0.3416542351811041	0.3416542351811041
ROUTE_PAYMENT_VOLUME=515089.3573049096	515089.3573049096	515089.3573049096	515089.3573049096	0.0	0.0	0.0	515089.3573049096	515089.3573049096
