ROUTE_PAYMENT_SUCCESS=235.0	235.0	235.0	235.0	0.0	0.0	0.0	235.0	235.0
ROUTE_PAYMENT_TTC=0.39365957446808514	0.39365957446808514	0.39365957446808514	0.39365957446808514	0.0	0.0	0.0	0.39365957446808514	0.39365957446808514
ROUTE_PAYMENT_VOLUME=2577.6387710000017	2577.6387710000017	2577.6387710000017	2577.6387710000017	0.0	0.0	0.0	2577.6387710000017	2577.6387710000017
