ROUTE_PAYMENT_SUCCESS=231.0	231.0	231.0	231.0	0.0	0.0	0.0	231.0	231.0
ROUTE_PAYMENT_TTC=0.3933333333333333	0.3933333333333333	0.3933333333333333	0.3933333333333333	0.0	0.0	0.0	0.3933333333333333	0.3933333333333333
ROUTE_PAYMENT_VOLUME=2528.6705910000014	2528.6705910000014	2528.6705910000014	2528.6705910000014	0.0	0.0	0.0	2528.6705910000014	2528.6705910000014
