ROUTE_PAYMENT_SUCCESS=42421.0
ROUTE_PAYMENT_TTC=0.4443683788689564
ROUTE_PAYMENT_VOLUME=3942282.8986520055
