ROUTE_PAYMENT_SUCCESS=42622.0
ROUTE_PAYMENT_TTC=0.44351147294824267
ROUTE_PAYMENT_VOLUME=4155733.559407537
