ROUTE_PAYMENT_SUCCESS=37816.0
ROUTE_PAYMENT_TTC=0.40938399090332134
ROUTE_PAYMENT_VOLUME=1103051.1828031656
