ROUTE_PAYMENT_SUCCESS=41581.0
ROUTE_PAYMENT_TTC=0.411266034967894
ROUTE_PAYMENT_VOLUME=3323324.7956509753
