ROUTE_PAYMENT_SUCCESS=34259.0
ROUTE_PAYMENT_TTC=0.4392585014156864
ROUTE_PAYMENT_VOLUME=470884.7354487794
