ROUTE_PAYMENT_SUCCESS=33822.0
ROUTE_PAYMENT_TTC=0.4387510200461238
ROUTE_PAYMENT_VOLUME=465537.3994529014
