ROUTE_PAYMENT_SUCCESS=43650.0
ROUTE_PAYMENT_TTC=0.44750914089347077
ROUTE_PAYMENT_VOLUME=5530967.583539114
