ROUTE_PAYMENT_SUCCESS=43941.0
ROUTE_PAYMENT_TTC=0.44759183905691724
ROUTE_PAYMENT_VOLUME=5953940.084416337
