ROUTE_PAYMENT_SUCCESS=34547.0
ROUTE_PAYMENT_TTC=0.43813868063797146
ROUTE_PAYMENT_VOLUME=523171.1530866615
