ROUTE_PAYMENT_SUCCESS=68.0
ROUTE_PAYMENT_TTC=0.38338235294117645
ROUTE_PAYMENT_VOLUME=1213.8270459999999
