ROUTE_PAYMENT_SUCCESS=39515.0
ROUTE_PAYMENT_TTC=0.40891064152853346
ROUTE_PAYMENT_VOLUME=1884512.975199332
