ROUTE_PAYMENT_SUCCESS=36109.0
ROUTE_PAYMENT_TTC=0.4087624691905065
ROUTE_PAYMENT_VOLUME=738145.7138931797
