ROUTE_PAYMENT_SUCCESS=42717.0
ROUTE_PAYMENT_TTC=0.44455544630943183
ROUTE_PAYMENT_VOLUME=4406288.3037461955
