ROUTE_PAYMENT_SUCCESS=42379.0
ROUTE_PAYMENT_TTC=0.44437940961325184
ROUTE_PAYMENT_VOLUME=4068918.9329122696
