ROUTE_PAYMENT_SUCCESS=43835.0
ROUTE_PAYMENT_TTC=0.44706704688034676
ROUTE_PAYMENT_VOLUME=5682789.991281439
