ROUTE_PAYMENT_SUCCESS=37450.0
ROUTE_PAYMENT_TTC=0.3875237116154873
ROUTE_PAYMENT_VOLUME=965568.1371741475
