ROUTE_PAYMENT_SUCCESS=2343.0	2343.0	2343.0	2343.0	0.0	0.0	0.0	2343.0	2343.0
ROUTE_PAYMENT_TTC=0.3706103286384977	0.3706103286384977	0.3706103286384977	0.3706103286384977	0.0	0.0	0.0	0.3706103286384977	0.3706103286384977
ROUTE_PAYMENT_VOLUME=27834.183197552396	27834.183197552396	27834.183197552396	27834.183197552396	0.0	0.0	0.0	27834.183197552396	27834.183197552396
