ROUTE_PAYMENT_SUCCESS=2166.0	2166.0	2166.0	2166.0	0.0	0.0	0.0	2166.0	2166.0
ROUTE_PAYMENT_TTC=0.37683702677747	0.37683702677747	0.37683702677747	0.37683702677747	0.0	0.0	0.0	0.37683702677747	0.37683702677747
ROUTE_PAYMENT_VOLUME=23145.238645144458	23145.238645144458	23145.238645144458	23145.238645144458	0.0	0.0	0.0	23145.238645144458	23145.238645144458
