ROUTE_PAYMENT_SUCCESS=36067.7	36043.0	35760.0	36453.0	44613.009999999995	34962.48999999913	59088.79000000129	35936.78577647329	36198.6142235267
ROUTE_PAYMENT_TTC=0.40768848448370487	0.407665205449047	0.4067999173098125	0.40906414099361643	5.705735074263985E-7	3.0091971231345803E-7	1.1997656960232597E-6	0.4072203055450362	0.40815666342237356
ROUTE_PAYMENT_VOLUME=722554.2484004048	730863.8493006872	649705.6103668335	776218.3856421412	1.33082216456043E9	1.973348058529121E9	9.024715685813026E8	699943.440304772	745165.0564960376
