ROUTE_PAYMENT_SUCCESS=37375.0
ROUTE_PAYMENT_TTC=0.4388860200668896
ROUTE_PAYMENT_VOLUME=1143347.5469890472
