ROUTE_PAYMENT_SUCCESS=37110.0
ROUTE_PAYMENT_TTC=0.4397786310967394
ROUTE_PAYMENT_VOLUME=1005017.5117985816
