ROUTE_PAYMENT_SUCCESS=33834.0
ROUTE_PAYMENT_TTC=0.43971957202813733
ROUTE_PAYMENT_VOLUME=470823.90276617074
