ROUTE_PAYMENT_SUCCESS=39173.0
ROUTE_PAYMENT_TTC=0.43992494830623136
ROUTE_PAYMENT_VOLUME=1801045.6408006079
