ROUTE_PAYMENT_SUCCESS=38857.0
ROUTE_PAYMENT_TTC=0.44078068301721696
ROUTE_PAYMENT_VOLUME=1548460.447092021
