ROUTE_PAYMENT_SUCCESS=234.0
ROUTE_PAYMENT_TTC=0.3939316239316239
ROUTE_PAYMENT_VOLUME=2541.4772710000016
