ROUTE_PAYMENT_SUCCESS=37777.0
ROUTE_PAYMENT_TTC=0.40836744580035467
ROUTE_PAYMENT_VOLUME=1114943.2071253448
