ROUTE_PAYMENT_SUCCESS=2446.0
ROUTE_PAYMENT_TTC=0.37038757154538027
ROUTE_PAYMENT_VOLUME=31705.477178997036
