ROUTE_PAYMENT_SUCCESS=41596.0
ROUTE_PAYMENT_TTC=0.410918621982883
ROUTE_PAYMENT_VOLUME=3270930.1928405487
