ROUTE_PAYMENT_SUCCESS=42953.0
ROUTE_PAYMENT_TTC=0.4148775638488581
ROUTE_PAYMENT_VOLUME=4809751.442531751
