ROUTE_PAYMENT_SUCCESS=35977.0
ROUTE_PAYMENT_TTC=0.40717158184395585
ROUTE_PAYMENT_VOLUME=690458.1976293974
