ROUTE_PAYMENT_SUCCESS=43727.0
ROUTE_PAYMENT_TTC=0.4483107004825394
ROUTE_PAYMENT_VOLUME=5850031.499571932
