ROUTE_PAYMENT_MES_AV=2.5497849999999995
ROUTE_PAYMENT_MES_AV_SUCC=2.533677854256442
ROUTE_PAYMENT_HOPS_AV=1.8503999999999996
ROUTE_PAYMENT_HOPS_AV_SUCC=1.847807682069367
ROUTE_PAYMENT_SUCCESS_DIRECT=0.999262
ROUTE_PAYMENT_SUCCESS=0.999262
