ROUTE_PAYMENT_SUCCESS=2288.0	2288.0	2288.0	2288.0	0.0	0.0	0.0	2288.0	2288.0
ROUTE_PAYMENT_TTC=0.49350961538461535	0.49350961538461535	0.49350961538461535	0.49350961538461535	0.0	0.0	0.0	0.49350961538461535	0.49350961538461535
ROUTE_PAYMENT_VOLUME=52445.996301276005	52445.996301276005	52445.996301276005	52445.996301276005	0.0	0.0	0.0	52445.996301276005	52445.996301276005
