ROUTE_PAYMENT_SUCCESS=1800.0	1800.0	1800.0	1800.0	0.0	0.0	0.0	1800.0	1800.0
ROUTE_PAYMENT_TTC=0.5094961111111111	0.5094961111111111	0.5094961111111111	0.5094961111111111	0.0	0.0	0.0	0.5094961111111111	0.5094961111111111
ROUTE_PAYMENT_VOLUME=36208.51445152642	36208.51445152642	36208.51445152642	36208.51445152642	0.0	0.0	0.0	36208.51445152642	36208.51445152642
