ROUTE_PAYMENT_SUCCESS=42423.1	42463.0	42142.0	42622.0	21085.890000000003	24365.609999999644	17806.170000000355	42333.09802500834	42513.10197499166
ROUTE_PAYMENT_TTC=0.4446836186509523	0.4444164649479448	0.44351147294824267	0.4465833136150679	9.858580170379158E-7	4.999174524971613E-7	2.119719334299676E-6	0.4440682104808527	0.4452990268210519
ROUTE_PAYMENT_VOLUME=4055988.4225232317	4136515.803075291	3790508.8148680306	4302276.520620186	2.2139555343847614E10	3.191522333885572E10	1.5622443347175537E10	3963765.1522445623	4148211.692801901
