ROUTE_PAYMENT_SUCCESS=34027.0
ROUTE_PAYMENT_TTC=0.4385910012637024
ROUTE_PAYMENT_VOLUME=437342.66090072703
