ROUTE_PAYMENT_SUCCESS=43.0	43.0	43.0	43.0	0.0	0.0	0.0	43.0	43.0
ROUTE_PAYMENT_TTC=0.46881395348837207	0.46881395348837207	0.46881395348837207	0.46881395348837207	0.0	0.0	0.0	0.46881395348837207	0.46881395348837207
ROUTE_PAYMENT_VOLUME=9382.142669504701	9382.142669504701	9382.142669504701	9382.142669504701	0.0	0.0	0.0	9382.142669504701	9382.142669504701
