ROUTE_PAYMENT_SUCCESS=33934.0
ROUTE_PAYMENT_TTC=0.439694495196558
ROUTE_PAYMENT_VOLUME=465279.3934993431
