ROUTE_PAYMENT_SUCCESS=33876.0
ROUTE_PAYMENT_TTC=0.4406694414925021
ROUTE_PAYMENT_VOLUME=472126.50152715767
