ROUTE_PAYMENT_SUCCESS=37937.0
ROUTE_PAYMENT_TTC=0.3394186414318476
ROUTE_PAYMENT_VOLUME=975212.8606239556
