ROUTE_PAYMENT_SUCCESS=232.0	232.0	232.0	232.0	0.0	0.0	0.0	232.0	232.0
ROUTE_PAYMENT_TTC=0.3930603448275862	0.3930603448275862	0.3930603448275862	0.3930603448275862	0.0	0.0	0.0	0.3930603448275862	0.3930603448275862
ROUTE_PAYMENT_VOLUME=2564.8320910000016	2564.8320910000016	2564.8320910000016	2564.8320910000016	0.0	0.0	0.0	2564.8320910000016	2564.8320910000016
