ROUTE_PAYMENT_SUCCESS=37311.0
ROUTE_PAYMENT_TTC=0.31153201468735764
ROUTE_PAYMENT_VOLUME=777539.5497928743
