ROUTE_PAYMENT_SUCCESS=36046.0
ROUTE_PAYMENT_TTC=0.4083617599733674
ROUTE_PAYMENT_VOLUME=762229.8587888414
