ROUTE_PAYMENT_SUCCESS=36976.0
ROUTE_PAYMENT_TTC=0.4400725064906967
ROUTE_PAYMENT_VOLUME=1038293.6628812089
