ROUTE_PAYMENT_SUCCESS=47173.0
ROUTE_PAYMENT_TTC=0.46601736162635404
ROUTE_PAYMENT_VOLUME=1.396497604730559E7
