ROUTE_PAYMENT_SUCCESS=43781.0
ROUTE_PAYMENT_TTC=0.44917987254745206
ROUTE_PAYMENT_VOLUME=5638266.040563929
