ROUTE_PAYMENT_SUCCESS=42916.0
ROUTE_PAYMENT_TTC=0.44439423525025634
ROUTE_PAYMENT_VOLUME=4603157.355313761
