ROUTE_PAYMENT_SUCCESS=2524.0
ROUTE_PAYMENT_TTC=0.47281695721077655
ROUTE_PAYMENT_VOLUME=42434.86012295097
