ROUTE_PAYMENT_SUCCESS=38992.0
ROUTE_PAYMENT_TTC=0.4403605354944604
ROUTE_PAYMENT_VOLUME=1660115.5821458593
