ROUTE_PAYMENT_SUCCESS=1465.0
ROUTE_PAYMENT_TTC=0.5047290102389078
ROUTE_PAYMENT_VOLUME=20794.76490446282
