ROUTE_PAYMENT_SUCCESS=41174.0
ROUTE_PAYMENT_TTC=0.410918055083305
ROUTE_PAYMENT_VOLUME=2917465.753850371
