ROUTE_PAYMENT_SUCCESS=36140.0
ROUTE_PAYMENT_TTC=0.4069955727725512
ROUTE_PAYMENT_VOLUME=765586.861580041
