ROUTE_PAYMENT_SUCCESS=36203.0
ROUTE_PAYMENT_TTC=0.40763248902024696
ROUTE_PAYMENT_VOLUME=738504.8158736143
