ROUTE_PAYMENT_SUCCESS=36946.0
ROUTE_PAYMENT_TTC=0.3887847398906512
ROUTE_PAYMENT_VOLUME=911342.6860659802
