ROUTE_PAYMENT_SUCCESS=41581.0
ROUTE_PAYMENT_TTC=0.41262610326831967
ROUTE_PAYMENT_VOLUME=3224008.430834796
