ROUTE_PAYMENT_SUCCESS=44982.0
ROUTE_PAYMENT_TTC=0.41932346271842075
ROUTE_PAYMENT_VOLUME=7654816.961945085
