ROUTE_PAYMENT_SUCCESS=36453.0
ROUTE_PAYMENT_TTC=0.40685051984747483
ROUTE_PAYMENT_VOLUME=776218.3856421412
