ROUTE_PAYMENT_SUCCESS=42807.0
ROUTE_PAYMENT_TTC=0.4137631929357348
ROUTE_PAYMENT_VOLUME=4339065.218338597
