ROUTE_PAYMENT_SUCCESS=2833.0	2833.0	2833.0	2833.0	0.0	0.0	0.0	2833.0	2833.0
ROUTE_PAYMENT_TTC=0.3663173314507589	0.3663173314507589	0.3663173314507589	0.3663173314507589	0.0	0.0	0.0	0.3663173314507589	0.3663173314507589
ROUTE_PAYMENT_VOLUME=54847.50250904622	54847.50250904622	54847.50250904622	54847.50250904622	0.0	0.0	0.0	54847.50250904622	54847.50250904622
