ROUTE_PAYMENT_SUCCESS=2855.0	2855.0	2855.0	2855.0	0.0	0.0	0.0	2855.0	2855.0
ROUTE_PAYMENT_TTC=0.3713800350262697	0.3713800350262697	0.3713800350262697	0.3713800350262697	0.0	0.0	0.0	0.3713800350262697	0.3713800350262697
ROUTE_PAYMENT_VOLUME=66584.53691687858	66584.53691687858	66584.53691687858	66584.53691687858	0.0	0.0	0.0	66584.53691687858	66584.53691687858
