ROUTE_PAYMENT_SUCCESS=42895.5	42944.0	42625.0	43085.0	20415.65	30498.25	13693.916666666666	42806.93998586269	42984.06001413731
ROUTE_PAYMENT_TTC=0.41408280596483127	0.41382269931530696	0.413114219980944	0.415593802698145	6.955015605389491E-7	3.382040495176613E-7	1.5291957529219536E-6	0.41356590763875867	0.41459970429090387
ROUTE_PAYMENT_VOLUME=4533919.020735955	4581849.956462579	4267678.488800858	4809751.442531751	2.393014743863166E10	3.173768123969934E10	1.8725124904586536E10	4438038.85886696	4629799.18260495
