ROUTE_PAYMENT_SUCCESS=41.0
ROUTE_PAYMENT_TTC=0.4319512195121951
ROUTE_PAYMENT_VOLUME=7383.609566050699
