ROUTE_PAYMENT_SUCCESS=44.0
ROUTE_PAYMENT_TTC=0.47177272727272723
ROUTE_PAYMENT_VOLUME=4177.517733944201
