ROUTE_PAYMENT_SUCCESS=34112.0
ROUTE_PAYMENT_TTC=0.43898592870544095
ROUTE_PAYMENT_VOLUME=481606.45551198866
