ROUTE_PAYMENT_SUCCESS=34148.0
ROUTE_PAYMENT_TTC=0.4380175120065597
ROUTE_PAYMENT_VOLUME=498470.68226805003
