ROUTE_PAYMENT_SUCCESS=37364.0
ROUTE_PAYMENT_TTC=0.4389439567498126
ROUTE_PAYMENT_VOLUME=1064412.5803065135
