ROUTE_PAYMENT_SUCCESS=36226.0
ROUTE_PAYMENT_TTC=0.40732708551868824
ROUTE_PAYMENT_VOLUME=730863.8493006872
