ROUTE_PAYMENT_SUCCESS=46045.0
ROUTE_PAYMENT_TTC=0.45645679226843305
ROUTE_PAYMENT_VOLUME=1.0121830642332295E7
