ROUTE_PAYMENT_SUCCESS=42515.0
ROUTE_PAYMENT_TTC=0.44620943196518875
ROUTE_PAYMENT_VOLUME=4136515.803075291
