ROUTE_PAYMENT_SUCCESS=41507.0
ROUTE_PAYMENT_TTC=0.41052196015129977
ROUTE_PAYMENT_VOLUME=3123999.309692525
