ROUTE_PAYMENT_SUCCESS=37194.0
ROUTE_PAYMENT_TTC=0.38793835027154916
ROUTE_PAYMENT_VOLUME=873435.2623537319
