ROUTE_PAYMENT_SUCCESS=39297.0
ROUTE_PAYMENT_TTC=0.44008102399674276
ROUTE_PAYMENT_VOLUME=1781579.3272442566
