ROUTE_PAYMENT_SUCCESS=39917.0	39917.0	39917.0	39917.0	0.0	0.0	0.0	39917.0	39917.0
ROUTE_PAYMENT_TTC=0.14246090638074002	0.14246090638074002	0.14246090638074002	0.14246090638074002	0.0	0.0	0.0	0.14246090638074002	0.14246090638074002
ROUTE_PAYMENT_VOLUME=1711299.9657735962	1711299.9657735962	1711299.9657735962	1711299.9657735962	0.0	0.0	0.0	1711299.9657735962	1711299.9657735962
