ROUTE_PAYMENT_SUCCESS=37462.1	37486.0	37311.0	37705.0	17305.09	14781.369999999657	19828.81000000034	37380.56520145116	37543.63479854884
ROUTE_PAYMENT_TTC=0.3119273347032299	0.31202686336232194	0.3109703752817929	0.31272743102062683	2.5230056749592995E-7	2.6388039718513807E-7	2.407207378067217E-7	0.3116160088514135	0.31223866055504634
ROUTE_PAYMENT_VOLUME=823732.502012565	818488.0834323321	777539.5497928743	862473.3874273652	6.625459667525879E8	5.0727827623943824E8	8.954475025223123E8	807778.7043898148	839686.2996353153
