ROUTE_PAYMENT_SUCCESS=1654.0	1654.0	1654.0	1654.0	0.0	0.0	0.0	1654.0	1654.0
ROUTE_PAYMENT_TTC=0.3115779927448609	0.3115779927448609	0.3115779927448609	0.3115779927448609	0.0	0.0	0.0	0.3115779927448609	0.3115779927448609
ROUTE_PAYMENT_VOLUME=32189.258649031755	32189.258649031755	32189.258649031755	32189.258649031755	0.0	0.0	0.0	32189.258649031755	32189.258649031755
