ROUTE_PAYMENT_SUCCESS=37262.0
ROUTE_PAYMENT_TTC=0.389719231388546
ROUTE_PAYMENT_VOLUME=918535.5539559297
