ROUTE_PAYMENT_SUCCESS=41168.0
ROUTE_PAYMENT_TTC=0.3909251846094054
ROUTE_PAYMENT_VOLUME=2972221.1217786293
