ROUTE_PAYMENT_SUCCESS=37724.0
ROUTE_PAYMENT_TTC=0.40863704803308243
ROUTE_PAYMENT_VOLUME=1181886.2862713602
