ROUTE_PAYMENT_SUCCESS=36358.0
ROUTE_PAYMENT_TTC=0.40706749546179655
ROUTE_PAYMENT_VOLUME=779160.2213033795
