ROUTE_PAYMENT_SUCCESS=41281.0
ROUTE_PAYMENT_TTC=0.4106540781473317
ROUTE_PAYMENT_VOLUME=2906512.969376158
