ROUTE_PAYMENT_SUCCESS=42861.0
ROUTE_PAYMENT_TTC=0.4138762744686312
ROUTE_PAYMENT_VOLUME=4423248.313606482
