ROUTE_PAYMENT_SUCCESS=34060.0
ROUTE_PAYMENT_TTC=0.4385894010569583
ROUTE_PAYMENT_VOLUME=448059.96134804684
