ROUTE_PAYMENT_SUCCESS=67.0	67.0	67.0	67.0	0.0	0.0	0.0	67.0	67.0
ROUTE_PAYMENT_TTC=0.38417910447761194	0.38417910447761194	0.38417910447761194	0.38417910447761194	0.0	0.0	0.0	0.38417910447761194	0.38417910447761194
ROUTE_PAYMENT_VOLUME=1211.369446	1211.369446	1211.369446	1211.369446	0.0	0.0	0.0	1211.369446	1211.369446
