ROUTE_PAYMENT_SUCCESS=2659.0
ROUTE_PAYMENT_TTC=0.3643982700263257
ROUTE_PAYMENT_VOLUME=45848.945805244504
