ROUTE_PAYMENT_SUCCESS=45043.0
ROUTE_PAYMENT_TTC=0.41919192771351815
ROUTE_PAYMENT_VOLUME=7800631.324087009
