ROUTE_PAYMENT_SUCCESS=41442.0
ROUTE_PAYMENT_TTC=0.4113057043578978
ROUTE_PAYMENT_VOLUME=3098330.951224219
