ROUTE_PAYMENT_SUCCESS=2787.0
ROUTE_PAYMENT_TTC=0.374205238607822
ROUTE_PAYMENT_VOLUME=61650.75701596079
