ROUTE_PAYMENT_SUCCESS=42696.0
ROUTE_PAYMENT_TTC=0.415593802698145
ROUTE_PAYMENT_VOLUME=4457429.188807339
