ROUTE_PAYMENT_SUCCESS=34255.0
ROUTE_PAYMENT_TTC=0.4381359217632462
ROUTE_PAYMENT_VOLUME=490408.66189987696
