ROUTE_PAYMENT_SUCCESS=34112.0
ROUTE_PAYMENT_TTC=0.43885025797373356
ROUTE_PAYMENT_VOLUME=470085.90267887304
