ROUTE_PAYMENT_SUCCESS=36883.0
ROUTE_PAYMENT_TTC=0.4397212808068758
ROUTE_PAYMENT_VOLUME=936712.7972743654
