ROUTE_PAYMENT_SUCCESS=42944.0
ROUTE_PAYMENT_TTC=0.41537618759314454
ROUTE_PAYMENT_VOLUME=4562543.925504916
