ROUTE_PAYMENT_SUCCESS=43202.0
ROUTE_PAYMENT_TTC=0.4127719781491597
ROUTE_PAYMENT_VOLUME=4904229.066603004
