ROUTE_PAYMENT_SUCCESS=1821.0
ROUTE_PAYMENT_TTC=0.5155046677649643
ROUTE_PAYMENT_VOLUME=36106.12296410053
