ROUTE_PAYMENT_SUCCESS=43880.0
ROUTE_PAYMENT_TTC=0.4475148814949863
ROUTE_PAYMENT_VOLUME=5700958.75650401
