ROUTE_PAYMENT_SUCCESS=47263.0
ROUTE_PAYMENT_TTC=0.4656269174618623
ROUTE_PAYMENT_VOLUME=1.4480619067882407E7
