ROUTE_PAYMENT_SUCCESS=2614.0
ROUTE_PAYMENT_TTC=0.5002601377199694
ROUTE_PAYMENT_VOLUME=60287.6017623903
