ROUTE_PAYMENT_SUCCESS=35800.0
ROUTE_PAYMENT_TTC=0.4070927094972067
ROUTE_PAYMENT_VOLUME=649705.6103668335
