ROUTE_PAYMENT_MES_AV=6.667418900000001	6.598472999999996	5.711477000000015	8.283776999999997	0.5773542463386866	0.39576750976960645	0.8497343511923069	6.196466240730017	7.138371559269985
ROUTE_PAYMENT_MES_AV_SUCC=6.0343987998618225	6.049847943803905	5.16280900772879	7.351168328241543	0.4147975217110206	0.36356713144184694	0.4660279119801941	5.635213860340671	6.433583739382974
ROUTE_PAYMENT_HOPS_AV=2.4359573	2.4507439999999994	2.3268099999999996	2.6177889999999997	0.007225377443609978	0.00639588609849002	0.008054868788729937	2.383272378070313	2.488642221929687
ROUTE_PAYMENT_HOPS_AV_SUCC=2.3909917805675764	2.409707534465397	2.280421702881596	2.5622757179316733	0.0065721816292932085	0.0059221145056625865	0.00722224875292383	2.3407446981178532	2.4412388630172996
ROUTE_PAYMENT_SUCCESS_DIRECT=0.9873752	0.988221	0.982301	0.992142	7.606530759999953E-6	1.0934488589999975E-5	5.387892206666604E-6	0.9856657776248213	0.9890846223751787
ROUTE_PAYMENT_SUCCESS=0.9873752	0.988221	0.982301	0.992142	7.606530759999953E-6	1.0934488589999975E-5	5.387892206666604E-6	0.9856657776248213	0.9890846223751787
