ROUTE_PAYMENT_SUCCESS=38007.0
ROUTE_PAYMENT_TTC=0.4074392085668429
ROUTE_PAYMENT_VOLUME=1165432.8438511838
