ROUTE_PAYMENT_SUCCESS=34052.0
ROUTE_PAYMENT_TTC=0.438536091859509
ROUTE_PAYMENT_VOLUME=484331.6173379206
