ROUTE_PAYMENT_SUCCESS=33948.0
ROUTE_PAYMENT_TTC=0.43893490043596084
ROUTE_PAYMENT_VOLUME=457179.44822082296
