ROUTE_PAYMENT_SUCCESS=36877.0
ROUTE_PAYMENT_TTC=0.3899080727824932
ROUTE_PAYMENT_VOLUME=850982.8370867526
