ROUTE_PAYMENT_SUCCESS=2288.0
ROUTE_PAYMENT_TTC=0.49350961538461535
ROUTE_PAYMENT_VOLUME=52445.996301276005
