ROUTE_PAYMENT_SUCCESS=42551.0
ROUTE_PAYMENT_TTC=0.4444164649479448
ROUTE_PAYMENT_VOLUME=4144362.2976613767
