ROUTE_PAYMENT_SUCCESS=1800.0
ROUTE_PAYMENT_TTC=0.5094961111111111
ROUTE_PAYMENT_VOLUME=36208.51445152642
