ROUTE_PAYMENT_SUCCESS=46102.0
ROUTE_PAYMENT_TTC=0.45598852544358165
ROUTE_PAYMENT_VOLUME=1.031299765345791E7
