ROUTE_PAYMENT_SUCCESS=239.0	239.0	239.0	239.0	0.0	0.0	0.0	239.0	239.0
ROUTE_PAYMENT_TTC=0.3990376569037657	0.3990376569037657	0.3990376569037657	0.3990376569037657	0.0	0.0	0.0	0.3990376569037657	0.3990376569037657
ROUTE_PAYMENT_VOLUME=2734.500462000002	2734.500462000002	2734.500462000002	2734.500462000002	0.0	0.0	0.0	2734.500462000002	2734.500462000002
