ROUTE_PAYMENT_SUCCESS=42625.0
ROUTE_PAYMENT_TTC=0.413479788856305
ROUTE_PAYMENT_VOLUME=4267678.488800858
