ROUTE_PAYMENT_SUCCESS=37518.0
ROUTE_PAYMENT_TTC=0.3120904099365638
ROUTE_PAYMENT_VOLUME=809844.2977589145
