ROUTE_PAYMENT_SUCCESS=46550.0
ROUTE_PAYMENT_TTC=0.4275582169709989
ROUTE_PAYMENT_VOLUME=1.1742220442804135E7
