ROUTE_PAYMENT_SUCCESS=43085.0
ROUTE_PAYMENT_TTC=0.41382269931530696
ROUTE_PAYMENT_VOLUME=4682942.865460201
