ROUTE_PAYMENT_SUCCESS=2833.0
ROUTE_PAYMENT_TTC=0.3663173314507589
ROUTE_PAYMENT_VOLUME=54847.50250904622
