ROUTE_PAYMENT_SUCCESS=37113.0
ROUTE_PAYMENT_TTC=0.3882509093848517
ROUTE_PAYMENT_VOLUME=849603.5363635966
