ROUTE_PAYMENT_SUCCESS=37330.0
ROUTE_PAYMENT_TTC=0.31272743102062683
ROUTE_PAYMENT_VOLUME=814079.5350588448
