ROUTE_PAYMENT_SUCCESS=34248.0
ROUTE_PAYMENT_TTC=0.4385922097640738
ROUTE_PAYMENT_VOLUME=482959.86180198926
