ROUTE_PAYMENT_SUCCESS=34058.0
ROUTE_PAYMENT_TTC=0.4385347642257326
ROUTE_PAYMENT_VOLUME=486065.3009791454
