ROUTE_PAYMENT_SUCCESS=36900.0
ROUTE_PAYMENT_TTC=0.4390420596205962
ROUTE_PAYMENT_VOLUME=976250.0158116835
