ROUTE_PAYMENT_MES_AV=6.598472999999996
ROUTE_PAYMENT_MES_AV_SUCC=6.049847943803905
ROUTE_PAYMENT_HOPS_AV=2.4507439999999994
ROUTE_PAYMENT_HOPS_AV_SUCC=2.409707534465397
ROUTE_PAYMENT_SUCCESS_DIRECT=0.989108
ROUTE_PAYMENT_SUCCESS=0.989108
