ROUTE_PAYMENT_SUCCESS=4.0	4.0	4.0	4.0	0.0	0.0	0.0	4.0	4.0
ROUTE_PAYMENT_TTC=0.44425	0.44425	0.44425	0.44425	0.0	0.0	0.0	0.44425	0.44425
ROUTE_PAYMENT_VOLUME=75.57685	75.57685	75.57685	75.57685	0.0	0.0	0.0	75.57685	75.57685
