ROUTE_PAYMENT_SUCCESS=4.0	4.0	4.0	4.0	0.0	0.0	0.0	4.0	4.0
ROUTE_PAYMENT_TTC=0.3575	0.3575	0.3575	0.3575	0.0	0.0	0.0	0.3575	0.3575
ROUTE_PAYMENT_VOLUME=76.0893531455	76.0893531455	76.0893531455	76.0893531455	0.0	0.0	0.0	76.0893531455	76.0893531455
