ROUTE_PAYMENT_SUCCESS=35760.0
ROUTE_PAYMENT_TTC=0.40733017337807603
ROUTE_PAYMENT_VOLUME=680423.7997169571
