ROUTE_PAYMENT_SUCCESS=36226.0
ROUTE_PAYMENT_TTC=0.40778623088389554
ROUTE_PAYMENT_VOLUME=787602.8991273005
