ROUTE_PAYMENT_SUCCESS=37835.0
ROUTE_PAYMENT_TTC=0.4079117748116823
ROUTE_PAYMENT_VOLUME=1127690.4012326526
