ROUTE_PAYMENT_SUCCESS=37871.0
ROUTE_PAYMENT_TTC=0.4074794433735576
ROUTE_PAYMENT_VOLUME=1167866.3608672088
