ROUTE_PAYMENT_SUCCESS=33822.0
ROUTE_PAYMENT_TTC=0.437915942286086
ROUTE_PAYMENT_VOLUME=449786.73791231686
