ROUTE_PAYMENT_SUCCESS=38114.0
ROUTE_PAYMENT_TTC=0.33929936506270664
ROUTE_PAYMENT_VOLUME=1114995.3255919921
