ROUTE_PAYMENT_SUCCESS=37691.0
ROUTE_PAYMENT_TTC=0.3387812475126688
ROUTE_PAYMENT_VOLUME=987330.4299713746
