ROUTE_PAYMENT_MES_AV=2.5999999999999996
ROUTE_PAYMENT_MES_AV_SUCC=3.333333333333333
ROUTE_PAYMENT_HOPS_AV=1.9000000000000001
ROUTE_PAYMENT_HOPS_AV_SUCC=3.333333333333333
ROUTE_PAYMENT_SUCCESS_DIRECT=0.3
ROUTE_PAYMENT_SUCCESS=0.3
