ROUTE_PAYMENT_SUCCESS=38833.0
ROUTE_PAYMENT_TTC=0.4414052738650117
ROUTE_PAYMENT_VOLUME=1696583.8577600105
