ROUTE_PAYMENT_SUCCESS=34165.0
ROUTE_PAYMENT_TTC=0.44064475340260506
ROUTE_PAYMENT_VOLUME=467023.55016939377
