ROUTE_PAYMENT_SUCCESS=239.0
ROUTE_PAYMENT_TTC=0.3990376569037657
ROUTE_PAYMENT_VOLUME=2734.500462000002
