ROUTE_PAYMENT_MES_AV=2.5790730000000024
ROUTE_PAYMENT_MES_AV_SUCC=2.553961571599687
ROUTE_PAYMENT_HOPS_AV=1.8589350000000002
ROUTE_PAYMENT_HOPS_AV_SUCC=1.8545941061509252
ROUTE_PAYMENT_SUCCESS_DIRECT=0.999313
ROUTE_PAYMENT_SUCCESS=0.999313
