ROUTE_PAYMENT_SUCCESS=37885.4	37895.0	37691.0	38148.0	16442.04	14685.920000000304	18198.1599999997	37805.92438055353	37964.87561944647
ROUTE_PAYMENT_TTC=0.3393712755754491	0.3393993666710648	0.3386648054943903	0.34033113564752293	2.8297299866310485E-7	2.799449034413476E-7	2.84991728810943E-7	0.3390415682701518	0.3397009828807464
ROUTE_PAYMENT_VOLUME=999545.1275224516	991701.8243680969	955106.5878848499	1054975.9104409642	8.546847671075622E8	4.6556335374327576E8	1.7626347316242301E9	981425.0916468789	1017665.1633980243
