ROUTE_PAYMENT_SUCCESS=2007.0	2007.0	2007.0	2007.0	0.0	0.0	0.0	2007.0	2007.0
ROUTE_PAYMENT_TTC=0.30566616841056304	0.30566616841056304	0.30566616841056304	0.30566616841056304	0.0	0.0	0.0	0.30566616841056304	0.30566616841056304
ROUTE_PAYMENT_VOLUME=27843.078885399118	27843.078885399118	27843.078885399118	27843.078885399118	0.0	0.0	0.0	27843.078885399118	27843.078885399118
