ROUTE_PAYMENT_SUCCESS=1805.0	1805.0	1805.0	1805.0	0.0	0.0	0.0	1805.0	1805.0
ROUTE_PAYMENT_TTC=0.332803324099723	0.332803324099723	0.332803324099723	0.332803324099723	0.0	0.0	0.0	0.332803324099723	0.332803324099723
ROUTE_PAYMENT_VOLUME=24337.311766097682	24337.311766097682	24337.311766097682	24337.311766097682	0.0	0.0	0.0	24337.311766097682	24337.311766097682
