ROUTE_PAYMENT_SUCCESS=39123.0
ROUTE_PAYMENT_TTC=0.44235393502543263
ROUTE_PAYMENT_VOLUME=1683752.540476904
