ROUTE_PAYMENT_SUCCESS=42845.0
ROUTE_PAYMENT_TTC=0.444765223479986
ROUTE_PAYMENT_VOLUME=4552100.138671909
