ROUTE_PAYMENT_SUCCESS=35203.0
ROUTE_PAYMENT_TTC=0.3414874584552453
ROUTE_PAYMENT_VOLUME=507275.3564193334
