ROUTE_PAYMENT_SUCCESS=296.0
ROUTE_PAYMENT_TTC=0.4553614864864865
ROUTE_PAYMENT_VOLUME=325.3279513019633
