ROUTE_PAYMENT_SUCCESS=661.0
ROUTE_PAYMENT_TTC=0.4255219364599092
ROUTE_PAYMENT_VOLUME=3996.58340541944
