ROUTE_PAYMENT_SUCCESS=34145.0
ROUTE_PAYMENT_TTC=0.4389108800702885
ROUTE_PAYMENT_VOLUME=471395.1750861254
