ROUTE_PAYMENT_SUCCESS=34367.0
ROUTE_PAYMENT_TTC=0.4388669363051765
ROUTE_PAYMENT_VOLUME=494326.4435438762
