ROUTE_PAYMENT_SUCCESS=34377.0
ROUTE_PAYMENT_TTC=0.4391656339994764
ROUTE_PAYMENT_VOLUME=476077.2305227997
