ROUTE_PAYMENT_MES_AV=2.4073930000000017
ROUTE_PAYMENT_MES_AV_SUCC=2.3669135891438176
ROUTE_PAYMENT_HOPS_AV=1.818149
ROUTE_PAYMENT_HOPS_AV_SUCC=1.8103190975068537
ROUTE_PAYMENT_SUCCESS_DIRECT=0.999099
ROUTE_PAYMENT_SUCCESS=0.999099
