ROUTE_PAYMENT_SUCCESS=1564.0	1564.0	1564.0	1564.0	0.0	0.0	0.0	1564.0	1564.0
ROUTE_PAYMENT_TTC=0.5047832480818414	0.5047832480818414	0.5047832480818414	0.5047832480818414	0.0	0.0	0.0	0.5047832480818414	0.5047832480818414
ROUTE_PAYMENT_VOLUME=15745.694464424208	15745.694464424208	15745.694464424208	15745.694464424208	0.0	0.0	0.0	15745.694464424208	15745.694464424208
