ROUTE_PAYMENT_SUCCESS=37052.9	37039.0	36883.0	37364.0	23469.29	11000.181428571681	52563.876666666074	36957.94757798561	37147.852422014395
ROUTE_PAYMENT_TTC=0.4398692785466099	0.4397647790241925	0.4388370471670287	0.4414970213918224	8.084187162860597E-7	3.9347773189769396E-7	1.7766143465255806E-6	0.43931199752768996	0.44042655956552984
ROUTE_PAYMENT_VOLUME=1006933.1721113306	1021687.6037046001	936712.7972743654	1064412.5803065135	1.4953798388998847E9	1.6573565065022297E9	1.3334031712975402E9	982965.1701313619	1030901.1740912992
