ROUTE_PAYMENT_SUCCESS=42549.0
ROUTE_PAYMENT_TTC=0.3445053937812875
ROUTE_PAYMENT_VOLUME=4194576.955507625
