ROUTE_PAYMENT_SUCCESS=37997.0
ROUTE_PAYMENT_TTC=0.3402538095112772
ROUTE_PAYMENT_VOLUME=1024122.2094975462
