ROUTE_PAYMENT_SUCCESS=235.0
ROUTE_PAYMENT_TTC=0.39365957446808514
ROUTE_PAYMENT_VOLUME=2577.6387710000017
