ROUTE_PAYMENT_MES_AV=2.538250500000001	2.5298509999999985	2.382002000000001	2.7476660000000006	0.01219579275285002	0.008083526725250036	0.01836419179425	2.469802448574596	2.606698551425406
ROUTE_PAYMENT_MES_AV_SUCC=2.4777183703972177	2.501428387028345	2.335562274741299	2.593886992323671	0.007213975038283344	0.007890882422367318	0.006537067654199367	2.4250750360546163	2.530361704739819
ROUTE_PAYMENT_HOPS_AV=1.8510725999999997	1.8503999999999996	1.8106849999999999	1.9041849999999998	9.100046580399989E-4	5.837793305933252E-4	0.0013993426492100096	1.8323753437993524	1.869769856200647
ROUTE_PAYMENT_HOPS_AV_SUCC=1.8387675974429851	1.847807682069367	1.800668382160862	1.8809592756735196	5.964818449921683E-4	5.80575346573862E-4	6.123883434104745E-4	1.823630078968275	1.8539051159176954
ROUTE_PAYMENT_SUCCESS_DIRECT=0.9988078	0.999143	0.99704	0.999379	5.230053599999947E-7	1.3056893066666876E-6	1.8756938285712636E-7	0.9983595615153765	0.9992560384846235
ROUTE_PAYMENT_SUCCESS=0.9988078	0.999143	0.99704	0.999379	5.230053599999947E-7	1.3056893066666876E-6	1.8756938285712636E-7	0.9983595615153765	0.9992560384846235
