ROUTE_PAYMENT_SUCCESS=43674.0
ROUTE_PAYMENT_TTC=0.44757400283921783
ROUTE_PAYMENT_VOLUME=5387520.947354454
