ROUTE_PAYMENT_MES_AV=5.921383000000005
ROUTE_PAYMENT_MES_AV_SUCC=5.514245944632928
ROUTE_PAYMENT_HOPS_AV=2.3430150000000003
ROUTE_PAYMENT_HOPS_AV_SUCC=2.3124159646502225
ROUTE_PAYMENT_SUCCESS_DIRECT=0.992142
ROUTE_PAYMENT_SUCCESS=0.992142
