ROUTE_PAYMENT_MES_AV=2.4915439999999998
ROUTE_PAYMENT_MES_AV_SUCC=2.399107396827813
ROUTE_PAYMENT_HOPS_AV=1.839231
ROUTE_PAYMENT_HOPS_AV_SUCC=1.819360033973406
ROUTE_PAYMENT_SUCCESS_DIRECT=0.998428
ROUTE_PAYMENT_SUCCESS=0.998428
