ROUTE_PAYMENT_MES_AV=6.457571000000006
ROUTE_PAYMENT_MES_AV_SUCC=5.917556528849347
ROUTE_PAYMENT_HOPS_AV=2.410513999999999
ROUTE_PAYMENT_HOPS_AV_SUCC=2.37276353818379
ROUTE_PAYMENT_SUCCESS_DIRECT=0.988168
ROUTE_PAYMENT_SUCCESS=0.988168
