ROUTE_PAYMENT_SUCCESS=37968.0
ROUTE_PAYMENT_TTC=0.3390968183733671
ROUTE_PAYMENT_VOLUME=991701.8243680969
