ROUTE_PAYMENT_SUCCESS=42575.0
ROUTE_PAYMENT_TTC=0.44358369935408104
ROUTE_PAYMENT_VOLUME=4149079.4616319444
