ROUTE_PAYMENT_SUCCESS=33865.0
ROUTE_PAYMENT_TTC=0.4386817363059206
ROUTE_PAYMENT_VOLUME=430066.48538310913
