ROUTE_PAYMENT_SUCCESS=37392.0
ROUTE_PAYMENT_TTC=0.31190784124946513
ROUTE_PAYMENT_VOLUME=799897.6150421834
