ROUTE_PAYMENT_SUCCESS=38736.0
ROUTE_PAYMENT_TTC=0.4421953996282528
ROUTE_PAYMENT_VOLUME=1623574.1099256286
