ROUTE_PAYMENT_SUCCESS=36930.0
ROUTE_PAYMENT_TTC=0.4414970213918224
ROUTE_PAYMENT_VOLUME=1021687.6037046001
