ROUTE_PAYMENT_SUCCESS=39121.0
ROUTE_PAYMENT_TTC=0.4406825745763145
ROUTE_PAYMENT_VOLUME=1742508.997527368
