ROUTE_PAYMENT_SUCCESS=38985.0
ROUTE_PAYMENT_TTC=0.4407741695523919
ROUTE_PAYMENT_VOLUME=1720559.9823609837
