ROUTE_PAYMENT_SUCCESS=2787.0	2787.0	2787.0	2787.0	0.0	0.0	0.0	2787.0	2787.0
ROUTE_PAYMENT_TTC=0.374205238607822	0.374205238607822	0.374205238607822	0.374205238607822	0.0	0.0	0.0	0.374205238607822	0.374205238607822
ROUTE_PAYMENT_VOLUME=61650.75701596079	61650.75701596079	61650.75701596079	61650.75701596079	0.0	0.0	0.0	61650.75701596079	61650.75701596079
