ROUTE_PAYMENT_SUCCESS=41362.1	41346.0	41174.0	41581.0	16832.489999999998	12289.076666666382	23647.610000000423	41281.68626138277	41442.51373861723
ROUTE_PAYMENT_TTC=0.4113609931565006	0.41125441952826075	0.41052196015129977	0.41274610720349264	5.674570475485469E-7	2.7425638751475997E-7	1.2515919209607163E-6	0.41089409456002995	0.41182789175297124
ROUTE_PAYMENT_VOLUME=3062092.138036467	3098330.951224219	2906512.969376158	3224008.430834796	1.2849366969931067E10	1.7231608031887775E10	9.927872928626596E9	2991833.951216932	3132350.3248560023
