ROUTE_PAYMENT_SUCCESS=37936.0
ROUTE_PAYMENT_TTC=0.407854122733024
ROUTE_PAYMENT_VOLUME=1142734.0672835428
