ROUTE_PAYMENT_SUCCESS=37560.0
ROUTE_PAYMENT_TTC=0.3116175186368477
ROUTE_PAYMENT_VOLUME=824666.3378181771
