ROUTE_PAYMENT_MES_AV=5.6
ROUTE_PAYMENT_MES_AV_SUCC=4.800000000000001
ROUTE_PAYMENT_HOPS_AV=5.1000000000000005
ROUTE_PAYMENT_HOPS_AV_SUCC=4.800000000000001
ROUTE_PAYMENT_SUCCESS_DIRECT=0.5
ROUTE_PAYMENT_SUCCESS=0.5
